Experiment 1: 
BST vs AVL runtime in worst case 
data is average of 7 trials (after 3 warmup trials)

N	    BST	     AVL
1000	4.2	     0.6
5000	122.6	 2.8
10000	606	     8.8
15000	1785.8	 17
20000	3853	 32
25000	6926.6	 49.4
30000	11681.2	 70
35000	18182	 95.8
40000	27833.4	 126.4
45000	42268.2	 168
50000	58485	 210.8
55000	77729.6	 261
60000	99421.2	 318.2
65000	126012	 379.6
70000	161030	 458.8
75000	198858	 523.6
80000	240699.2 600.8
85000	292888	 694
90000	352207.8 774.4
95000	417516.4 858.8
100000	497774	 958.8



Experiment 2:
ChainingHashTable: MTF vs BST vs AVL 

Trial 1: 
N	    MTF	        BST	        AVL
1000	0.428571429	4.571428571	1
5000	2.428571429	8.571428571	5.714285714
10000	5.285714286	17.28571429	14.85714286
15000	13.42857143	36.42857143	35.85714286
20000	26.28571429	60.57142857	64.14285714
25000	56.14285714	120.7142857	125.1428571
30000	90.85714286	191.1428571	186.2857143
35000	125.8571429	261	        267.7142857
40000	157	        337.8571429	356.8571429
45000	212	        415.4285714	455.5714286
50000	316.7142857	560.8571429	628.2857143
55000	415.2857143	711.8571429	811.1428571
60000	521.5714286	864.4285714	997.4285714
65000	647.1428571	1022.285714	1179.428571
70000	774.1428571	1181.285714	1368.857143
75000	908.7142857	1361.714286	1563.714286
80000	1047	    1543.571429	1763.714286
85000	1190	    1733.714286	1980
90000	1333.142857	1938.714286	2192.571429
95000	1472.857143	2146	    2421
100000	1701	    2482.428571	2778.571429



Trial 2: 

N	    MTF	        BST	        AVL
1000	0.285714286	1.142857143	3.571428571
5000	2.714285714	5.571428571	8.428571429
10000	7.142857143	14.85714286	18.85714286
15000	16.57142857	34.28571429	39.57142857
20000	29.57142857	60.28571429	64
25000	59.57142857	115.4285714	120.4285714
30000	91.28571429	170.5714286	187
35000	129.1428571	247	        265.4285714
40000	168.8571429	329.7142857	361.5714286
45000	221.5714286	412.2857143	484
50000	324.7142857	566.1428571	649.1428571
55000	440.4285714	734	        825.4285714
60000	546	        918.2857143	992.2857143
65000	671.2857143	1081	    1192.714286
70000	801.7142857	1250.142857	1382.571429
75000	987.4285714	1435	    1584.428571
80000	1136.857143	1706.285714	1790
85000	1294.857143	1965.714286	2014.285714
90000	1467.142857	2158.571429	2244
95000	1622.428571	2363.428571	2477.428571
100000	1878.428571	2695.142857	2831.428571


Trial 3: 

N	    MTF	        BST	        AVL
1000	0.428571429	4.142857143	0.857142857
5000	2	        8.857142857	7
10000	6	        20.42857143	17.14285714
15000	15.28571429	57.71428571	37
20000	26.71428571	83.57142857	60
25000	55.42857143	145.7142857	122.4285714
30000	86.71428571	213	        179
35000	124	        284.4285714	250.7142857
40000	155.1428571	365.8571429	344.2857143
45000	208.1428571	448.5714286	438.8571429
50000	317.4285714	602.1428571	603.8571429
55000	417.1428571	788.4285714	783.8571429
60000	521.2857143	945.5714286	1000.857143
65000	644.1428571	1103.714286	1194.714286
70000	766.5714286	1265.285714	1390.714286
75000	892.7142857	1446.428571	1584.142857
80000	1025.857143	1631.285714	1800.428571
85000	1169.857143	1817	    2009
90000	1308.142857	2034.285714	2232.714286
95000	1453.857143	2259.571429	2467.142857
100000	1678.857143	2608.857143	2851.142857



Experiment 3: Different Hash Functions 
Each trial is the average of 10 runs - 3 warmup runs

Trial 1: 
N	    FAST	    SLOW	    NORMAL
1000	5.428571429	229.1428571	0
2000	27.42857143	742.4285714	0
3000	96.71428571	1704.142857	2.285714286
4000	188.5714286	2792.571429	4.571428571
5000	313.8571429	4027.285714	8.142857143


Trial 2: 
N	    FAST	    SLOW	    NORMAL
1000	5.142857143	231.4285714	0
2000	28.42857143	749	        0
3000	95.71428571	1734.571429	2.285714286
4000	190.5714286	2898.857143	4.571428571
5000	315	        4116	    9


Trial 3: 
N    	FAST	    SLOW	    NORMAL
1000	4.428571429	236.8571429	0
2000	26.57142857	750	        0
3000	96	        1733.428571	2.285714286
4000	188.4285714	2820.428571	4.428571429
5000	384.5714286	4178.571429	7.428571429



Experiment 4: Alice.txt
Each data point column is a single trial of traversing Alice.txt and storing word counts
for each word, then finding the total word count for Alice at the end. Data is total
time taken in ms.

TRIALS	T1	T2	T3	T4	T5	T6	T7	T8	T9	T10	AVG
BST	    175	146	190	132	149	272	216	188	184	170	182.2
AVL	    76	43	79	69	61	105	91	99	85	76	78.4
CHT	    163	85	116	115	105	153	159	155	132	132	131.5
HTM	    100	62	69	79	64	119	90	147	116	122	96.8

